   -4.3234    4.3234         0
    4.3234    4.3234         0
   -4.3234   -4.3234         0
    4.3234   -4.3234         0
   -3.8679         0    4.3392
    3.8679         0    4.3392
         0    3.8679    4.3392
         0   -3.8679    4.3392
   -3.8679   -3.8679    4.3392
    3.8679   -3.8679    4.3392
    3.8679    3.8679    4.3392
   -3.8679    3.8679    4.3392
    3.5188         0    7.6659
   -3.5188         0    7.6659
   -3.5188    3.5188    7.6659
         0    3.5188    7.6659
    3.5188    3.5188    7.6659
    3.5188   -3.5188    7.6659
         0   -3.5188    7.6659
   -3.5188   -3.5188    7.6659
    3.2379    3.2379   10.3417
    3.2379   -3.2379   10.3417
   -3.2379    3.2379   10.3417
   -3.2379   -3.2379   10.3417
   -2.9571         0   13.0175
    2.9571         0   13.0175
         0    2.9571   13.0175
         0   -2.9571   13.0175
   -2.9571   -2.9571   13.0175
    2.9571   -2.9571   13.0175
    2.9571    2.9571   13.0175
   -2.9571    2.9571   13.0175
   -2.7293    2.7293   15.1871
    2.7293    2.7293   15.1871
   -2.7293   -2.7293   15.1871
    2.7293   -2.7293   15.1871
   -2.5016    2.5016   17.3567
    2.5016    2.5016   17.3567
    2.5016   -2.5016   17.3567
   -2.5016   -2.5016   17.3567
         0   -2.5016   17.3567
         0    2.5016   17.3567
   -2.5016         0   17.3567
    2.5016         0   17.3567
    2.2739    2.2739   19.5263
    2.2739   -2.2739   19.5263
   -2.2739    2.2739   19.5263
   -2.2739   -2.2739   19.5263
    2.0462         0   21.6958
   -2.0462         0   21.6958
   -2.0462    2.0462   21.6958
         0    2.0462   21.6958
    2.0462    2.0462   21.6958
    2.0462   -2.0462   21.6958
         0   -2.0462   21.6958
   -2.0462   -2.0462   21.6958
    1.8716    1.8716   23.3592
    1.8716   -1.8716   23.3592
   -1.8716    1.8716   23.3592
   -1.8716   -1.8716   23.3592
   -1.6970         0   25.0225
    1.6970         0   25.0225
         0    1.6970   25.0225
   -1.6970    1.6970   25.0225
    1.6970    1.6970   25.0225
         0   -1.6970   25.0225
   -1.6970   -1.6970   25.0225
    1.6970   -1.6970   25.0225
   -1.5908    1.5908   26.0350
   -1.5908   -1.5908   26.0350
    1.5908   -1.5908   26.0350
    1.5908    1.5908   26.0350
         0    1.5908   26.0350
    1.5908         0   26.0350
         0   -1.5908   26.0350
   -1.5908         0   26.0350
   -8.3675         0   26.0350
    8.3675         0   26.0350
         0    1.5576   27.1791
   -1.5576         0   27.1791
    1.5576         0   27.1791
    1.5576    1.5576   27.1791
         0   -1.5576   27.1791
   -1.5576   -1.5576   27.1791
   -1.5576    1.5576   27.1791
    1.5576   -1.5576   27.1791
    1.5244   -1.5244   28.3231
   -1.5244    1.5244   28.3231
   -1.5244   -1.5244   28.3231
    1.5244    1.5244   28.3231
   -1.4912         0   29.4672
    1.4912         0   29.4672
         0    1.4912   29.4672
    1.4912    1.4912   29.4672
         0   -1.4912   29.4672
   -1.4912   -1.4912   29.4672
    1.4912   -1.4912   29.4672
   -1.4912    1.4912   29.4672
    1.4580   -1.4580   30.6112
   -1.4580    1.4580   30.6112
   -1.4580   -1.4580   30.6112
    1.4580    1.4580   30.6112
    1.4248    1.4248   31.7553
   -1.4248   -1.4248   31.7553
   -1.4248         0   31.7553
    1.4248         0   31.7553
         0    1.4248   31.7553
         0   -1.4248   31.7553
    1.4248   -1.4248   31.7553
   -1.4248    1.4248   31.7553
    7.9381         0   31.7553
   -7.9381         0   31.7553
         0   -1.3916   32.8994
    1.3916   -1.3916   32.8994
   -1.3916         0   32.8994
    1.3916         0   32.8994
   -1.3916    1.3916   32.8994
    1.3916    1.3916   32.8994
   -1.3916   -1.3916   32.8994
         0    1.3916   32.8994
    1.3584   -1.3584   34.0434
   -1.3584    1.3584   34.0434
   -1.3584   -1.3584   34.0434
    1.3584    1.3584   34.0434
    1.3253         0   35.1875
   -1.3253         0   35.1875
         0    1.3253   35.1875
    1.3253    1.3253   35.1875
         0   -1.3253   35.1875
   -1.3253   -1.3253   35.1875
   -1.3253    1.3253   35.1875
    1.3253   -1.3253   35.1875
   -1.2921   -1.2921   36.3316
   -1.2921    1.2921   36.3316
    1.2921   -1.2921   36.3316
    1.2921    1.2921   36.3316
   -1.2589         0   37.4756
    1.2589         0   37.4756
         0    1.2589   37.4756
         0   -1.2589   37.4756
    1.2589   -1.2589   37.4756
   -1.2589    1.2589   37.4756
    1.2589    1.2589   37.4756
   -1.2589   -1.2589   37.4756
    1.2257    1.2257   38.6197
    1.2257   -1.2257   38.6197
   -1.2257    1.2257   38.6197
   -1.2257   -1.2257   38.6197
    1.1925         0   39.7638
   -1.1925         0   39.7638
         0    1.1925   39.7638
   -1.1925    1.1925   39.7638
    1.1925    1.1925   39.7638
    1.1925   -1.1925   39.7638
         0   -1.1925   39.7638
   -1.1925   -1.1925   39.7638
   -7.4350         0   39.7638
    7.4350         0   39.7638
   -1.1593         0   40.9078
    1.1593         0   40.9078
         0    1.1593   40.9078
   -1.1593    1.1593   40.9078
    1.1593    1.1593   40.9078
         0   -1.1593   40.9078
    1.1593   -1.1593   40.9078
   -1.1593   -1.1593   40.9078
   -1.1261   -1.1261   42.0519
   -1.1261    1.1261   42.0519
    1.1261    1.1261   42.0519
    1.1261   -1.1261   42.0519
   -1.1261         0   42.0519
    1.1261         0   42.0519
         0   -1.1261   42.0519
         0    1.1261   42.0519
   -1.0929         0   43.1959
    1.0929         0   43.1959
   -1.0929    1.0929   43.1959
         0    1.0929   43.1959
    1.0929    1.0929   43.1959
    1.0929   -1.0929   43.1959
         0   -1.0929   43.1959
   -1.0929   -1.0929   43.1959
    4.4175         0   44.3400
   -4.4175         0   44.3400
    1.0598    1.0598   44.3400
    1.0598   -1.0598   44.3400
    1.0598         0   44.3400
   -1.0598    1.0598   44.3400
   -1.0598   -1.0598   44.3400
         0   -1.0598   44.3400
   -1.0598         0   44.3400
         0    1.0598   44.3400